,Close_0,Close_1,Close_2,Close_3,Close_4,Close_5,Close_6,Close_7,Close_8,Close_9,Close_10,Close_11,Close_12,Close_13
Close_0,1.0,0.6074409560485028,0.7812712157671756,0.9165766052139536,0.8955582152048444,0.6775199963541685,0.27865617219809563,0.49130837433535485,0.8866596757571131,0.6546242107665721,0.5536201375881502,0.7767599200763143,0.6416534531254581,0.5732624781383802
Close_1,0.6074409560485028,1.0,0.8724720173631333,0.7752498308817556,0.48196682998762586,0.46986216684476906,-0.10429712754331828,0.701892841812225,0.6727839428324055,0.6232013278900274,0.8136062016329046,0.41916271905344005,0.9177805026963964,0.8975211800961609
Close_2,0.7812712157671756,0.8724720173631333,1.0,0.909221813856566,0.7046952224957238,0.5939233672765791,0.19692319009458098,0.8203491783022668,0.877501557484991,0.7324732905746447,0.8135446756570839,0.623878206063319,0.7787002366852713,0.7865361150449401
Close_3,0.9165766052139536,0.7752498308817556,0.909221813856566,1.0,0.8760283960404474,0.7078975833904293,0.19695486346584742,0.6501599582471259,0.9323627427736919,0.733701746153073,0.6741718027444944,0.7462928190437909,0.7371807438746544,0.7310212262690254
Close_4,0.8955582152048444,0.48196682998762586,0.7046952224957238,0.8760283960404474,1.0,0.7090409500115618,0.28862193788294715,0.3413512788914559,0.9223909927327437,0.5884674586501986,0.4515072919118784,0.8585661078066172,0.5106263035301367,0.4465711646524693
Close_5,0.6775199963541685,0.46986216684476906,0.5939233672765791,0.7078975833904293,0.7090409500115618,1.0,0.3624959501199615,0.40157170338527004,0.6690587863661246,0.46845324455477366,0.40707755894352643,0.43501649984900437,0.4988395303346937,0.29574055720070275
Close_6,0.27865617219809563,-0.10429712754331828,0.19692319009458098,0.19695486346584742,0.28862193788294715,0.3624959501199615,1.0,0.24249575902081696,0.21365693557336946,0.2524764017839811,0.1729903217190289,0.09168430894325177,-0.19406486134337864,-0.22288671415339564
Close_7,0.49130837433535485,0.701892841812225,0.8203491783022668,0.6501599582471259,0.3413512788914559,0.40157170338527004,0.24249575902081696,1.0,0.5310068673578795,0.6907049880068018,0.6323641209578154,0.22754785674356387,0.5018995790130324,0.6264506958895723
Close_8,0.8866596757571131,0.6727839428324055,0.877501557484991,0.9323627427736919,0.9223909927327437,0.6690587863661246,0.21365693557336946,0.5310068673578795,1.0,0.6633476108092373,0.6389589716262922,0.8254363114866639,0.6657514285761575,0.6317805447925681
Close_9,0.6546242107665721,0.6232013278900274,0.7324732905746447,0.733701746153073,0.5884674586501986,0.46845324455477366,0.2524764017839811,0.6907049880068018,0.6633476108092373,1.0,0.6162365227611818,0.30890588259069457,0.416140603834238,0.6666554072395388
Close_10,0.5536201375881502,0.8136062016329046,0.8135446756570839,0.6741718027444944,0.4515072919118784,0.40707755894352643,0.1729903217190289,0.6323641209578154,0.6389589716262922,0.6162365227611818,1.0,0.35489129269065806,0.7367320694071887,0.6920874914592323
Close_11,0.7767599200763143,0.41916271905344005,0.623878206063319,0.7462928190437909,0.8585661078066172,0.43501649984900437,0.09168430894325177,0.22754785674356387,0.8254363114866639,0.30890588259069457,0.35489129269065806,1.0,0.5031020159880523,0.42713615150325657
Close_12,0.6416534531254581,0.9177805026963964,0.7787002366852713,0.7371807438746544,0.5106263035301367,0.4988395303346937,-0.19406486134337864,0.5018995790130324,0.6657514285761575,0.416140603834238,0.7367320694071887,0.5031020159880523,1.0,0.7981126868557811
Close_13,0.5732624781383802,0.8975211800961609,0.7865361150449401,0.7310212262690254,0.4465711646524693,0.29574055720070275,-0.22288671415339564,0.6264506958895723,0.6317805447925681,0.6666554072395388,0.6920874914592323,0.42713615150325657,0.7981126868557811,1.0
